111211121112111211 12 13 14 16 17 18 11 12 13 14 16 17 18 11 12 13 14 16 17 18 11 12 13 14 16 17 18 11 12 13 14 16 17 18 11 12 13 14 16 17 18    2016-09-20 09:12:51.813590
11 12 13 14 16 17 18    2016-09-20 09:12:52.366678
11 12 13 14 16 17 18    2016-09-20 09:12:52.920432
11 12 13 14 16 17 18    2016-09-20 09:12:53.474577
11 12 13 14 16 17 18    2016-09-20 09:12:54.028708
11 12 13 14 16 17 18    2016-09-20 09:12:54.581761
11 12 13 14 16 17 18    2016-09-20 09:12:55.135453
11 12 13 14 16 17 18    2016-09-20 09:12:55.688681
11 12 13 14 16 17 18    2016-09-20 09:12:56.242724
11 12 13 14 16 17 18    2016-09-20 09:12:56.796806
11 12 13 14 16 17 18    2016-09-20 09:15:04.270499
11 12 13 14 16 17 18    2016-09-20 09:15:04.823607
11 12 13 14 16 17 18    2016-09-20 09:15:05.376730
11 12 13 14 16 17 18    2016-09-20 09:15:05.929844
11 12 13 14 16 17 18    2016-09-20 09:15:06.484494
11 12 13 14 16 17 18    2016-09-20 09:15:07.036612
11 12 13 14 16 17 18    2016-09-20 09:15:07.589962
11 12 13 14 16 17 18    2016-09-20 09:15:08.143419
11 12 13 14 16 17 18    2016-09-20 09:15:08.696582
11 12 13 14 16 17 18    2016-09-20 09:15:09.250658
11 12 13 14 16 17 18    2016-09-20 09:15:09.804771
11 12 13 14 16 17 18    2016-09-20 09:15:10.357974
11 12 13 14 16 17 18    2016-09-20 09:15:10.910680
11 12 13 14 16 17 18    2016-09-20 09:15:11.463660
11 12 13 14 16 17 18    2016-09-20 09:15:12.018488
11 12 13 14 16 17 18    2016-09-20 09:15:12.571562
11 12 13 14 16 17 18    2016-09-20 09:15:13.124818
11 12 13 14 16 17 18    2016-09-20 09:15:13.677727
11 12 13 14 16 17 18    2016-09-20 09:15:14.232454
11 12 13 14 16 17 18    2016-09-20 09:15:14.786587
11 12 13 14 16 17 18    2016-09-20 09:15:15.339915
11 12 13 14 16 17 18    2016-09-20 09:15:15.892840
11 12 13 14 16 17 18    2016-09-20 09:15:16.446507
11 12 13 14 16 17 18    2016-09-20 09:15:17.000657
11 12 13 14 16 17 18    2016-09-20 09:15:17.554934
11 12 13 14 16 17 18    2016-09-20 09:15:18.108409
11 12 13 14 16 17 18    2016-09-20 09:15:18.661593
11 12 13 14 16 17 18    2016-09-20 09:15:19.214755
11 12 13 14 16 17 18    2016-09-20 09:15:19.768793
11 12 13 14 16 17 18    2016-09-20 09:15:38.532670
11 12 13 14 16 17 18    2016-09-20 09:15:39.085729
11 12 13 14 16 17 18    2016-09-20 09:15:39.639421
11 12 13 14 16 17 18    2016-09-20 09:15:40.192594
11 12 13 14 16 17 18    2016-09-20 09:15:40.745687
11 12 13 14 16 17 18    2016-09-20 09:15:41.299791
11 12 13 14 16 17 18    2016-09-20 09:15:41.853515
11 12 13 14 16 17 18    2016-09-20 09:15:42.406594
11 12 13 14 16 17 18    2016-09-20 09:15:42.959765
11 12 13 14 16 17 18    2016-09-20 09:15:43.513878
11 12 13 14 16 17 18    2016-09-20 09:15:44.067508
11 12 13 14 16 17 18    2016-09-20 09:15:44.620589
11 12 13 14 16 17 18    2016-09-20 09:15:45.173682
11 12 13 14 16 17 18    2016-09-20 09:15:45.727433
11 12 13 14 16 17 18 19 20 21 22 23 24 25 26 28 28 29 30 31 32 33    2016-09-20 09:19:56.809567
11 12 13 14 16 17 18 19 20 21 22 23 24 25 26 28 28 29 30 31 32 33    2016-09-20 09:19:57.362585
11 12 13 14 16 17 18 19 20 21 22 23 24 25 26 28 28 29 30 31 32 33    2016-09-20 09:19:57.915700
11 12 13 14 16 17 18 19 20 21 22 23 24 25 26 28 28 29 30 31 32 33    2016-09-20 09:19:58.469486
11 12 13 14 16 17 18 19 20 21 22 23 24 25 26 28 28 29 30 31 32 33    2016-09-20 09:19:59.022559
11 12 13 14 16 17 18 19 20 21 22 23 24 25 26 28 28 29 30 31 32 33    2016-09-20 09:19:59.575645
11 12 13 14 16 17 18 19 20 21 22 23 24 25 26 28 28 29 30 31 32 33    2016-09-20 09:20:00.128881
11 12 13 14 16 17 18 19 20 21 22 23 24 25 26 27 28 29 30 31 32 33    2016-09-20 09:20:44.276619
11 12 13 14 16 17 18 19 20 21 22 23 24 25 26 27 28 29 30 31 32 33    2016-09-20 09:20:44.829787
11 12 13 14 16 17 18 19 20 21 22 23 24 25 26 27 28 29 30 31 32 33    2016-09-20 09:20:45.382828
11 12 13 14 16 17 18 19 20 21 22 23 24 25 26 27 28 29 30 31 32 33    2016-09-20 09:20:45.936523
